DaysSinceStart = 12
LvObfuscation = false
93200,1,1,none,-1
98000,1,1,c5f451a9-874f-4d6e-9b0d-0de992717658,-1
101200,1,1,none,-1
89400,1,1,f7be4918-a52f-4e07-9da1-fba5205d4e88,-1
200,1,1,main,0,7d7c338e-5b3d-4b4c-936a-d282c1911d00,-1
201,1,1,ed35d894-7ef5-42c5-a38a-4a2ee735c980,-1
203,1,1,dbd1c43a-70d6-4244-b5d1-025f4d874683,-1
204,1,1,main,0,b8261d70-8f3f-4d1f-b44c-29da1125e144,-1
205,1,1,f633ee04-76a6-407f-a390-6884886a245d,-1
91200,1,1,none,-1
107600,1,1,none,-1
95000,1,1,none,-1
92600,1,1,GEN-285160,-1
